652230	2.416953015	43.80791215
27400	15.82211268	16.47151916
2381741	6.017470078	30.64708267
200	6.453917599	28.19827232
470	14.19498069	13.33462033
1246700	2.589975209	45.30660168
-999	-999	-999
440	9.804778555	19.08238367
2736690	11.72745414	23.65639806
28470	12.40789654	20.34332303
180	14.93697489	17.35102196
7692020	16.23359292	18.54172823
82520	19.14942976	14.40321755
82646	6.471513574	24.22410666
10010	8.278932225	20.16648154
785	3.197122918	20.29897074
130170	5.632962584	26.98217867
430	15.15623831	17.3732512
202980	16.55272944	16.83973115
30280	19.20761939	16.79349688
22810	4.805650758	28.77642462
112760	3.088861035	42.71266284
54	19.02218474	14.92960386
38140	6.032056709	23.52628976
1083300	4.978409308	31.40203275
51200	17.74286311	14.92404113
566730	3.548359607	33.1708819
8358140	9.290755128	20.83477095
-999	-999	-999
150	9.074733096	15.87997412
5270	5.466523289	22.63863263
108560	22.26512605	14.01903621
273600	2.561413742	44.43752124
25680	2.466721873	46.72027969
176520	5.272591665	29.62554021
472710	2.736984759	42.62516564
8965590	18.0184266	15.86836235
4030	-999	-999
240	7.527800269	16.88963832
622980	2.478869628	48.2084383
1259200	2.032637834	47.81673015
743532	12.3955778	18.61887017
9424702.9	12.59826196	18.02512046
1109500	8.472310762	21.9223616
1861	4.334032941	38.47061275
2267050	3.000711408	46.49393021
341500	2.647639304	41.67193951
-999	-999	-999
51060	10.21832463	20.90045002
318000	2.40883204	42.11037491
55960	21.570897	14.19271471
103800	15.55180485	15.86052915
9240	14.15444548	16.00602649
77198.53	20.16489295	15.961812
40000	20.04691844	16.26883634
23180	4.457481315	31.19108641
750	9.172228434	20.12514845
48310	6.964985793	27.62336775
248360	7.544158372	26.48996903
995450	4.708709059	33.21018564
20720	8.103770843	26.08398484
28050	3.166539112	38.85583677
121040.829	3.996576926	40.42495391
42750	20.181181	16.46579322
1128571.265	3.130096838	40.31319161
-999	-999	-999
1366	17.80787942	20.68205666
18270	5.539252647	29.1867752
303940	22.49009308	15.66132583
547557	21.00954771	17.55215136
-999	-999	-999
3471	9.237561668	22.11831299
257670	3.904390395	36.52736467
69490	14.50160014	20.90704722
349390	21.96373441	13.75154894
227533	3.405507542	37.58161314
10	20.04219087	17.230995
128900	22.18141685	14.17738402
410450	8.986818738	20.90171615
340	9.685597147	24.13373442
-999	-999	-999
540	11.11025758	26.54803198
107160	4.850582586	33.47853333
245720	3.386810565	42.10935845
28120	2.799395583	40.98323369
196850	6.047087187	28.87185431
27560	4.433114882	32.64284776
111890	4.117187885	31.0670483
91260	20.09745582	14.55701704
100830	14.57186182	18.7095173
2973190	6.672320068	26.11233353
1877519	6.709519116	25.71893602
1622500	7.107654162	23.99247716
434128	3.402863363	38.4857376
68890	14.54433264	20.17782023
21640	11.80568929	28.2373276
295717	23.37207108	12.85800608
10830	7.042547153	20.83318339
364500	29.58317845	11.91570724
88794	3.612476702	33.0584933
2699700	7.844053633	29.24445406
569140	2.803077111	38.97301435
810	3.685648428	36.19147027
-999	-999	-999
97600	15.82906932	12.16641461
17820	3.983905769	20.97430663
191800	4.267982532	34.35321066
230800	4.278575331	31.37433142
62230	21.40015139	15.65025629
10230	9.350073332	27.83506611
30360	4.210948937	34.2274522
96320	3.375167528	41.45658907
1759540	4.80500882	29.39983547
160	18.47455878	14.64031376
62620	20.42003832	15.07010064
2574.46	14.55814924	15.98097714
25220	14.58555525	16.1207709
581800	3.246199364	39.71965596
94280	2.788998734	43.72772672
328550	7.011719852	23.27708925
300	4.384007402	21.78940902
1220190	2.495874961	47.60798839
320	18.8412715	13.19878609
180	3.911225771	34.1195711
-999	-999	-999
1030700	3.304736681	42.37609516
2030	11.78311447	17.02972853
-999	-999	-999
1943950	8.021236699	25.33680305
32884.6	13.35531389	19.64932134
2.027	35.84989979	12.61307621
1557506.803	4.260283183	32.20200739
-999	-999	-999
446300	7.15127379	27.09164846
786380	2.600126005	43.86347157
652670	6.454152183	25.12361484
823290	4.032645561	36.20363682
20	2.119366626	38.96873731
143350	6.039798624	30.11588191
33670	19.64706302	15.60025828
-999	-999	-999
18280	10.37908122	22.73230378
263310	15.57840749	19.06816922
120340	5.058359769	30.40212804
1266700	2.435611921	48.94845257
910770	3.002533207	43.50188455
-999	-999	-999
460	8.812882539	22.14514031
364285	17.72992649	17.21116561
309500	2.75632877	25.64346931
770880	4.174179163	37.27237847
460	9.153127087	20.88526597
74180	8.363759611	26.6787778
452860	3.033583804	34.91690975
397300	6.162234398	29.20713978
1280000	8.252534563	26.6748704
298170	5.222187319	30.94117617
-999	-999	-999
306130	18.37404018	15.34800341
91605.6	22.29672559	13.49566086
8870	21.70504357	13.94013476
11490	1.255821199	15.3516629
-999	-999	-999
230080	18.68589294	16.0181197
16376870	15.30607018	17.68046788
24670	3.102105476	39.32686242
2780	5.014202331	37.92522664
60	19.69888552	13.3810686
960	3.788630678	40.61383729
2149690	2.396632907	26.04106805
192530	3.173108982	42.06511634
87460	20.74464619	14.12966654
460	7.638112385	23.23794182
72180	3.147157255	39.78517411
718	13.15419909	12.15182501
48080	16.82418459	15.8419574
20136.4	20.10099918	15.20255322
27990	3.462865881	39.57194145
627340	2.615840809	47.33971193
1213090	6.000534693	28.73967233
-999	-999	-999
499556.645	19.67250859	14.39563336
61860	10.8029791	23.58721275
-999	-999	-999
260	9.194521698	20.02728656
610	8.916431642	18.57294692
-999	-999	-999
390	10.67498148	22.27845077
1868000	3.337984423	41.17765274
156000	7.114806487	26.7681385
-999	-999	-999
407283.532	20.0325934	17.74508547
39516.03	18.72584754	15.05973818
183630	4.551174166	34.46908452
138790	3.236186745	36.49440906
885800	3.127677782	43.87737459
510890	13.85036651	16.06597655
-999	-999	-999
54390	3.05815284	40.49782768
-999	-999	-999
720	6.18218785	35.07372641
5130	10.67442744	19.52455856
155360	8.578492538	24.95007081
769630	8.182095467	23.71106036
469930	4.715781518	31.23268321
950	9.974817341	16.81365962
30	5.994218087	31.60628783
200520	1.664815845	45.67010732
579400	17.19005768	15.32722983
71020	1.653975665	14.94098547
241930	18.7225119	17.78835008
9147420	16.22340015	18.51134953
175020	15.33815201	19.79683219
440650	4.867529812	29.77009205
12190	3.713364454	39.757287
882050	7.994342737	28.48424473
313429	8.427408549	22.69313454
-999	-999	-999
-999	-999	-999
527970	2.718384535	40.18890848
743390	1.729860155	43.68037293
386850	3.376262136	41.15608463
